72 186
320 50
320 130
320 190
320 320
320 450
320 520
320 580
190 50
190 130
190 190
390 130
470 50
470 130
550 130
550 50
620 130
390 190
470 190
550 190
620 190
700 50
700 190
830 50
190 320
190 450
190 520
190 580
190 640
390 450
390 390
390 320
390 260
470 260
830 130
830 190
700 130
700 320
830 320
700 450
620 320
620 260
550 260
620 390
620 450
550 450
470 450
470 520
390 520
390 580
470 580
470 640
550 580
550 640
620 580
620 520
550 520
700 520
700 580
780 580
830 580
830 640
830 520
780 520
830 450
240 520
240 580
885 320
130 320
510 260
510 320
560 320
450 320
11 7 1 
0 10 8 2 
1 3 9 
2 23 4 30 
3 24 5 28 
4 6 47 
5 65 
0 8 
1 7 9 
2 8 
1 12 16 
0 12 
10 11 13 
12 15 14 
13 20 
13 35 19 
10 17 
16 32 
19 41 
15 18 
14 22 35 
34 35 36 
20 33 
3 67 
4 25 
24 64 
65 27 
26 50 
4 45 29 
28 42 30 
3 29 31 
30 32 
17 31 41 68 
22 34 35 
21 33 
15 20 21 33 
21 39 37 38 
36 66 
36 43 56 63 
36 40 42 
39 41 
18 32 40 68 
29 39 43 
38 42 44 
43 55 
28 46 
45 55 47 
5 46 48 
47 49 
48 50 
27 49 52 
52 53 
50 51 60 
51 54 
53 55 56 
44 46 54 
38 54 57 
56 58 
57 62 59 
58 60 
52 59 
63 62 
58 61 
38 61 
25 65 
6 26 64 
37 67 
23 66 
32 41 69 
68 71 70 
69 
69 
